time,x,y,z,phi,theta,psi,x_velocity,y_velocity,z_velocity,phi_velocity,theta_velocity,psi_velocity,rotor_speed1,rotor_speed2,rotor_speed3,rotor_speed4
0.06,-2.183411356682338e-06,1.096921489221767e-05,10.00089798666676,0.0028753283009077535,0.000491859054430499,0.0,-0.00012607273530655766,0.0006472693811470608,0.029931944254680126,-0.01981393248943704,-0.008975744917233373,0.0,414.64666651105705,413.857595248686,414.7657720964618,413.0223455544272
0.12000000000000001,-2.352543825869863e-05,0.00013468575941728142,10.005060025793682,0.009719796443591555,0.0017691558450794176,0.0,-0.0006981622286762552,0.004185475557066322,0.10879395051305796,-0.052085557686778056,0.004634456900409873,0.0,429.6642920756699,430.8164679403716,431.4196018643581,428.68616966476026
0.18,-0.0001190391171624158,0.0005989191635003097,10.017139933783632,0.006889282630124782,0.004402700151617367,0.0,-0.0028080727484456262,0.010958701949045538,0.2938415651457402,-0.04721995049477817,-0.013420669717629593,0.0,464.4057922406895,462.98770165577366,462.38083075226655,462.76241578217224
0.23999999999999996,-0.0004064588642020451,0.001492784343520651,10.045034645579538,0.014794455807138007,0.003655510163713238,0.0,-0.00666670299296828,0.019977320621829997,0.6358448166374587,-0.08433749145113868,-0.011721361494492492,0.0,507.27312586569064,507.39525785043054,510.12605673603053,507.4669950401272
0.3,-0.0009036922324132053,0.0029513679792581987,10.084249401417148,0.009939194725870237,0.011426111443473275,0.0,-0.010656805992743084,0.028189257670318275,0.6712944280419805,-0.08043508694288785,-0.044832363336983996,0.0,416.87081606270954,413.96766232316895,417.14436580995743,417.47884373080615
0.36000000000000004,-0.0017784705275315227,0.004842886224389772,10.128007948636897,0.007662611604378533,0.009656334395223176,0.0,-0.018329292178546657,0.03460608237115564,0.7872547630050334,-0.06410318689273165,-0.056609046100457486,0.0,442.9444993634488,441.97359530162294,441.7486443405471,443.0886873071827
0.4200000000000001,-0.003049184600535697,0.007079608446748214,10.176499450368773,0.01256994354369212,0.0062697305392855895,0.0,-0.023713953414300964,0.04038051140534902,0.8290975160905617,-0.03287105517083569,-0.05943218683618065,0.0,419.51373781791267,419.2660581078164,416.6577852794665,419.37685895012095
0.48000000000000015,-0.00459653784806443,0.009778930497106857,10.229954752610873,0.014218794417838687,0.003679103776097037,0.0,-0.02760348508401967,0.0497929511256175,0.952649320460212,-0.05495126327765941,-0.07151729898158647,0.0,445.837896612259,444.84658921601385,445.6579361656471,443.84885829342045
0.5400000000000001,-0.006339635334354255,0.013060789872227212,10.290673113936469,0.012548684777429209,0.0063573321690046924,0.0,-0.030751130027386494,0.059412420661000845,1.0711933912553548,-0.042127406995948,-0.04377371088640338,0.0,442.376720213714,444.6522121372788,443.3541157315432,444.404722280866
0.6000000000000002,-0.008326083878552878,0.016936107368734826,10.36135107445711,0.014860210852769562,0.003719549145605683,0.0,-0.035151060910152805,0.07000938212932512,1.2845216173872929,-0.019199980559830084,-0.04525202662405168,0.0,472.8715593099584,472.75669432681264,471.6340178742066,473.4008440080529
0.6600000000000003,-0.01053519048251793,0.021482683287941826,10.442755028842884,0.019172129602916144,0.007712105896939825,0.0,-0.038950907590551836,0.08203764664409098,1.428762929632192,-0.04603427116889364,-0.07484886012435744,0.0,453.61929174502995,451.23451741516675,453.429173166795,451.2682269954789
0.7200000000000003,-0.013016892727574518,0.026787741289107974,10.53118085168946,0.017355352911827104,0.0042200538258097,0.0,-0.04343314171823412,0.09460302810663071,1.5186548429553488,-0.03651657016224681,-0.08706328179251487,0.0,435.35095537355437,434.32268522925756,436.27996266421286,437.07278482379303
0.7800000000000004,-0.01568347532812776,0.0327790655970667,10.62313587170556,0.015830104612130746,6.282342390426576,0.0,-0.04498752478189804,0.10496039484551732,1.546478945428051,-0.028698431285162793,-0.08370965508094541,0.0,415.5199454139007,415.807167698025,415.4641843618236,416.1484777842313
0.8400000000000004,-0.018362651088784654,0.039389272359355694,10.718331593052882,0.014419778151319562,6.281817366881732,0.0,-0.04424481467346961,0.1152453927199113,1.6266028652210827,-0.03612994427275852,-0.061647545480751756,0.0,431.82597027950214,433.67807002353317,433.463182285659,432.837894409167
0.9000000000000005,-0.020971174110884824,0.04664078982165336,10.822174894359936,0.012821090836296456,6.278889565088326,0.0,-0.04235124723941924,0.12627003987641583,1.8345324574856414,-0.028979448310558827,-0.0531542339014813,0.0,472.14528385284046,472.79785121984247,472.15598356374335,472.7068859062534
0.9600000000000005,-0.023422791167120215,0.05446454765974209,10.934417126505627,0.011154735704349328,6.277940511701603,0.0,-0.039262079241745095,0.13435491467623348,1.906759122838555,-0.02699685532857104,-0.03791477475633961,0.0,430.8247898687555,432.1098005105014,431.130670389778,431.2978946172351
1.0200000000000005,-0.025665770082122154,0.06274322955782084,11.051228946876805,0.009531356480271036,6.27597300868117,0.0,-0.0353048426734969,0.1414406230108448,1.9868331325998145,-0.029203037578085202,-0.03292412369581599,0.0,433.95425266325395,434.3723198061119,434.17127679641874,433.98593487296375
1.0800000000000005,-0.02760574589138512,0.07148057287897343,11.179851631036117,0.008111381668724604,6.278926135050135,0.0,-0.029793239029909043,0.14961902993759066,2.300018379219011,-0.03683009797799157,-0.0584732463394112,0.0,504.60392831614104,502.75556700438824,503.800267856083,503.2482981801772
1.1400000000000006,-0.029322819025980426,0.08059851801693145,11.318553303052244,0.005963335065131581,6.281579245853241,0.0,-0.02765968347934372,0.15411528606158442,2.3233260521869803,-0.03505512776221181,-0.03245549831839083,0.0,414.7508339833223,417.0278080550468,418.32982596004894,418.48366960401864
1.2000000000000006,-0.030938923235322904,0.08997211903119695,11.462862869528758,0.0041508192303219005,6.279754217180102,0.0,-0.026013755447527608,0.1581419755134359,2.486653349657156,-0.042283210059060335,-0.0376702083211578,0.0,460.88817735853945,460.4754188750796,462.8599613890858,462.2901808647049
1.2600000000000007,-0.03244672427227398,0.09956334973570813,11.619590516389465,0.003675920977218361,0.0031822166746922065,0.0,-0.025111189287175505,0.16152541728644795,2.7370377810647413,-0.05925978169109213,-0.07152415879707122,0.0,488.83237669888723,486.3018557937403,488.8060675865808,487.5381470566059
1.3200000000000007,-0.034008903607085,0.10933096768008382,11.788277414034878,0.0029007837215822008,6.28286269712102,0.0,-0.02656877677730434,0.16395712588965167,2.885497807225561,-0.04215449672341109,-0.062935000839395,0.0,458.8774131852608,459.5553281324962,458.1564041367635,459.51255770234445
1.3800000000000008,-0.03558212697080463,0.11923417287596268,11.965700218592481,0.0033362798938787463,6.279340718446846,0.0,-0.02549851656490948,0.16621766981793934,3.0282280230752967,-0.06225483639457907,-0.06978653981342808,0.0,457.9628188815347,457.41450918137616,459.18969065760535,457.5909589090907
1.4400000000000008,-0.03701755257373718,0.12926682049326088,12.151468335281905,0.0005254752267003227,6.276390421186852,0.0,-0.022048883871979764,0.16789081786114893,3.1636785598867214,-0.05285428232743542,-0.08322907149661928,0.0,457.1769819856066,456.1004795073695,456.1610338658148,456.90875278466194
1.5000000000000009,-0.0381670181868637,0.13933770118469452,12.348843555351413,6.2805872190331336,6.275531749859461,0.0,-0.01619444325147844,0.1674144719813696,3.4147816054102047,-0.05137802362608019,-0.10673771006277197,0.0,491.69849040461486,489.9476291181378,491.8513356063113,491.95916536156653
1.560000000000001,-0.038957507133109956,0.14931742015518987,12.556627094029798,6.277932354244042,6.2692914890132485,0.0,-0.009521733550927324,0.16496781075574807,3.5110408229391243,-0.0453134087790229,-0.10334253910464951,0.0,446.7045874867081,446.97168561686345,446.4386096628374,446.9316863191815
1.620000000000001,-0.0391746212146337,0.15908762952798763,12.773310889543582,6.277182669415435,6.263392651444956,0.0,0.0029549911013242508,0.16064130598109239,3.7111152845798925,-0.06193235098379706,-0.11067896061502087,0.0,478.43385978716196,477.8660016723446,479.8746989056648,478.61001070036673
1.680000000000001,-0.03860264433916664,0.1686080358666025,12.997104028028955,6.276320374041244,6.256785999328294,0.0,0.016721671942033785,0.15661044759366471,3.7485212098920027,-0.04458872429727306,-0.10952765949418092,0.0,429.0524303983569,429.1389411168693,430.23185778229157,431.6956278811394
1.740000000000001,-0.03703280707237654,0.17785640685007756,13.22499141457724,6.275140388698853,6.2508759372012825,0.0,0.03618825026342414,0.15153841876907237,3.847380791070091,-0.03233973424686942,-0.11971912902938318,0.0,450.2110555382576,449.3744661377457,449.3909273846646,450.38192884061226
1.8000000000000012,-0.034259266028377526,0.186799900707899,13.456083577214537,6.274279357189524,6.24373519680009,0.0,0.056894507769222814,0.14649336177734879,3.855641063244759,-0.02209597820327005,-0.1183643748561635,0.0,421.5192843018482,421.62270531304176,421.0393293868481,421.92442077178896
1.8600000000000012,-0.030125696932287355,0.1954288045633155,13.687449237524628,6.273855678026946,6.2368629951067565,0.0,0.08148525795463721,0.14109217650414438,3.8565183448178297,-0.012822757254991563,-0.12495043576028501,0.0,420.52395896550667,419.93898247537294,417.7364107396966,418.54433947594083
1.9200000000000013,-0.02444103612373441,0.20374022020367327,13.917852803287182,6.27449113084724,6.229358843193925,0.0,0.10862492054683937,0.13601895072883968,3.823678638154925,-0.027061919481424113,-0.12691734788180245,0.0,407.9118332833119,407.72022097592316,408.53550531800096,407.26381594278496
1.9800000000000013,-0.016777125283564436,0.2117112832253572,14.150623041718713,6.272856057124997,6.225190431964048,0.0,0.1472277787930411,0.12951881102329912,3.9349249467519263,-0.028540002056037034,-0.1484906932329542,0.0,455.25009423541417,453.50430178984755,454.5627549928109,454.44411569188946
2.0400000000000014,-0.0066996313899322715,0.2192630602384808,14.389893611898147,6.271906833297585,6.216278622872984,0.0,0.18958219374226035,0.12212539128828788,4.040332478233769,-0.039384922045636435,-0.14861545126305445,0.0,453.27563202441803,453.24536642701304,454.19523717117744,453.32420674282713
2.1000000000000014,0.005911819872889687,0.22637780539103017,14.63274264605888,6.269573607459263,6.208700704866457,0.0,0.23145999267549944,0.11482857610635082,4.054529436591449,-0.0428267579541244,-0.16254923851568848,0.0,425.9431676909142,424.7263986139398,425.5254239546082,425.22972542571034
2.1600000000000015,0.02121464666172012,0.23301228439685298,14.876949067218789,6.269016582408664,6.200875603949299,0.0,0.2793562340462182,0.10628795833992492,4.085506469632633,-0.05961389275121174,-0.14849300811176305,0.0,430.9809589543491,432.1430482986973,431.335200036191,429.91349865311224
2.2200000000000015,0.039684592390643196,0.2390845480555852,15.12491274976077,6.265428753853666,6.1964959245363005,0.0,0.3367444917316605,0.09576445465876969,4.179552626016965,-0.06046575512532703,-0.12634806358282616,0.0,450.68455776482745,452.45284820488297,451.48854950051407,451.41733883638346
2.2800000000000016,0.061551131983406435,0.24448943949417218,15.376841590491885,6.2640305117503345,6.18893512845343,0.0,0.39282925784094935,0.08425899103514843,4.217852421932887,-0.045264700764673114,-0.12558610835978845,0.0,434.88451618934334,434.933480618281,433.88853976513815,435.16082023682304
2.3400000000000016,0.0867909811596718,0.24920251276451386,15.629664421933645,6.26150035854976,6.18161271097064,0.0,0.44913312369809727,0.07263225463336848,4.209520739538632,-0.05133611540767651,-0.12159348228077864,0.0,419.6353357307398,419.9668070392531,420.2337217352865,419.70556108906266
2.4000000000000017,0.11531889467094626,0.25321947971017017,15.879933970273896,6.258951614498599,6.176332012415616,0.0,0.502211395298361,0.06107561097779362,4.133011690873733,-0.060611798289840785,-0.13839018709189438,0.0,397.6481503569302,396.08936050988956,396.6083313683665,395.75299951966304
2.4600000000000017,0.14747018799174638,0.256421178843506,16.12881210653058,6.255511537897462,6.16821571359073,0.0,0.5702207180489371,0.04533462438773588,4.162701482650957,-0.056808490258929985,-0.14447943711029526,0.0,432.34110519120446,431.8087419575108,432.02795834023493,432.3459667910916
2.520000000000002,0.1838876930113092,0.2586076242106654,16.379749978581327,6.252353606157735,6.159921182552251,0.0,0.6444378053790528,0.02725708506241157,4.20161907090981,-0.052395426467625766,-0.1524885338438986,0.0,436.2632461140327,435.5731537174913,435.1556023842008,435.52276431085454
2.580000000000002,0.225203177911982,0.25957628732580074,16.635460206985627,6.250015843491454,6.156144134112267,0.0,0.7330486348820232,0.00479455352351532,4.321514397249691,-0.04368832127473602,-0.17910836861612514,0.0,462.97535842788716,460.85218477222566,460.99228530658667,461.67841575998636
2.640000000000002,0.2719122333451208,0.2591539558517428,16.898158551778995,6.247385246546459,6.147449671396913,0.0,0.8247729792174703,-0.019122827784146985,4.434485013711826,-0.045458518947103226,-0.16457145350819988,0.0,459.89945768863345,461.02150198024765,460.9921454851191,460.85119707621664
2.700000000000002,0.3254689468246878,0.25693822624814805,17.175968023809144,6.2446513453648524,6.137572203875306,0.0,0.9616499665314767,-0.055059981205254,4.823976034559834,-0.04747959883073446,-0.16474250643882005,0.0,539.015004560574,538.9827974822524,541.0769989523848,540.9400712559968
2.760000000000002,0.3852308075172443,0.25309416243966054,17.46165757991498,6.243478282900316,6.128209576420215,0.0,1.0311148477989107,-0.07317857934369312,4.699374229770335,-0.034448668799029206,-0.17394821866531668,0.0,387.918259281205,387.02116706304304,385.4038425917597,386.6323796324287
2.820000000000002,0.45001090871982075,0.24796279029496526,17.744427166383364,6.2414851347335905,6.119918593081449,0.0,1.128955389185037,-0.09803170708569657,4.7259629453585585,-0.03885713256414845,-0.15905737741518228,0.0,437.8740846748253,439.08351882815373,437.5815578007399,437.21377141279913
2.880000000000002,0.5212170406682147,0.24120170251224868,18.031185188893332,6.239340478898534,6.111260926010173,0.0,1.2453851171373553,-0.1275325591911012,4.831939075917551,-0.0351733589865916,-0.14987884394912976,0.0,463.89889821442966,464.59727494753446,462.88030964972535,463.16954153885644
2.940000000000002,0.5998255618850075,0.23256690352598328,18.3256419530723,6.237235793664212,6.103026064883828,0.0,1.3756451444828508,-0.1604834796808146,4.982360628586117,-0.03491532341414441,-0.16069165802248933,0.0,478.36908787127174,477.5244587943041,479.01912103891567,479.0383143719273
3.000000000000002,0.6863707374393834,0.22192161842264427,18.628913766771866,6.235829835203706,6.101876549763851,0.0,1.5091951894799207,-0.1944641114186642,5.125918462080587,-0.04528698319520205,-0.12994770706084816,0.0,477.03811557210105,479.36072712208744,478.64024534707556,477.84954875752766
3.0600000000000023,0.7800941539133809,0.20942994090014444,18.936025891495078,6.23343461407233,6.0941127173380885,0.0,1.6155564248511705,-0.22212470292776004,5.110974687661173,-0.04015631910820282,-0.12882355453494115,0.0,429.5378369613486,429.6171697402222,430.56666790172585,430.9994593246015
3.1200000000000023,0.8808929682855763,0.19508600312755975,19.245283644318256,6.231257981609243,6.0942226433911735,0.0,1.744295933692933,-0.2561916995920625,5.197099259493671,-0.04677596623881531,-0.09932966809974884,0.0,461.8182295435281,464.12698057352577,462.8885527777115,462.3663494121442
3.1800000000000024,0.9893557963226512,0.17867149610621097,19.559324569736695,6.228549706396235,6.088279100899788,0.0,1.8715959174879548,-0.291195335701052,5.2703298406603585,-0.0443382872519568,-0.10237151338836724,0.0,459.54472289343613,459.29517136576646,460.40887174686395,460.6005679246652
3.2400000000000024,1.1060193301393855,0.15997918186125695,19.880008105712875,6.225888496545762,6.082830092460604,0.0,2.017572285631507,-0.33211544107507407,5.418130263955834,-0.04669224737949431,-0.11277194136815757,0.0,484.4207171355998,483.6290781660996,483.68500373949206,483.5066704200709
3.3000000000000025,1.2306204589659593,0.13903867108829399,20.20495548621559,6.223249856270137,6.077758221395484,0.0,2.136191817814563,-0.36612056428920253,5.41322394414212,-0.043311237203847844,-0.09966267714249386,0.0,438.1219060884646,439.20019319857107,438.02919880785294,438.30908799900527
3.3600000000000025,1.3623428080487927,0.116036151303476,20.529206647775943,6.2206523383299945,6.071829294202379,0.0,2.2550025666091673,-0.40083761711966687,5.394965717051316,-0.04576819249857397,-0.10360951294802256,0.0,434.60215848123886,434.26208190362945,434.73338504564725,434.5262745148908
3.4200000000000026,1.5013524518493775,0.09089469889641345,20.85263164876213,6.219644081372511,6.065647217634993,0.0,2.3791194811934213,-0.4372699427561794,5.385627763995863,-0.06145919664889151,-0.10244778346341568,0.0,437.12782068922394,437.21518214131737,439.24874673876684,437.94359030716737
3.4800000000000026,1.647984773189827,0.06351881932427372,21.175838412144582,6.216101814120133,6.061186320523047,0.0,2.5089388023832586,-0.47554785154901535,5.387643178315128,-0.0670041150142664,-0.08937403200906226,0.0,441.2118727551711,442.2818257561205,442.719435245439,442.25994341272457
3.5400000000000027,1.803251804507992,0.033550504973055305,21.502565999434378,6.212194872244542,6.056830145756869,0.0,2.6668649736615837,-0.5237468061617584,5.5023736634500295,-0.06432668011330701,-0.07952045856209282,0.0,476.83906916620884,477.5857869661532,478.7736120060397,478.9744133696378
3.6000000000000028,1.967284604679991,0.0008587339624066378,21.832740682671815,6.209480669744657,6.052484667069621,0.0,2.801176581621284,-0.566185783235718,5.503151220677328,-0.07731220200122765,-0.073473109066059,0.0,443.75070883557777,444.24217410028325,445.0428145708619,443.9748817092868
3.660000000000003,2.139523516762072,-0.03437183000848572,22.163301207090278,6.23224485028188,6.048409350919663,0.0,2.9403672983433684,-0.6061822169401027,5.515346770994968,-0.02115585338467385,-0.06823852431348885,0.0,448.4340954126503,448.8552843156774,446.0044118481887,450.5658891198935
3.720000000000003,2.3204725631665264,-0.07171182665408331,22.495872013503547,6.237349207901401,6.046302966268357,0.0,3.0912924712580456,-0.6379536157774601,5.569864415682157,-0.0500378555410514,-0.05394722127768493,0.0,462.6475070933838,463.76883120912373,462.5967789432863,460.31607615123465
3.780000000000003,2.5094724057063784,-0.11068734682604307,22.827457834816606,6.236418647912586,6.043697707549365,0.0,3.208873049632222,-0.6613015689741994,5.483234567343525,-0.0670510269012071,-0.06393560272972283,0.0,417.8825328097313,417.00822911263157,417.32641194115314,415.8360332563828
3.840000000000003,2.706615879452091,-0.15127178716357234,23.158180914423724,6.239035415018639,6.040615768480251,0.0,3.362669743868426,-0.6912692162810893,5.540313195714919,-0.039998572521476435,-0.055547191563700034,0.0,462.84484635483716,463.5021876834803,463.197296413359,465.31808526988596
3.900000000000003,2.9130486822907278,-0.19360440485439323,23.492404709911867,6.2418735802052705,6.037929399710627,0.0,3.518465271362035,-0.7195032116070494,5.599917849410935,-0.06629884492683506,-0.047858383471741914,0.0,464.8700879653122,465.47060540589143,467.13273397529355,465.07551272642064
3.960000000000003,3.1285931770373017,-0.23755683611353096,23.82912554227801,6.238239835310196,6.035090585185269,0.0,3.6664176314416403,-0.7458960461304678,5.623693663046174,-0.060961398838073534,-0.05137453033015864,0.0,454.73281442386866,454.449572384445,456.35734648817106,456.78034719734484
4.020000000000002,3.353831135768508,-0.28330190076768386,24.170391241912593,6.234591759652089,6.0345048192373305,0.0,3.841204935144887,-0.7792825106062221,5.750900594582805,-0.06377230492804134,-0.0699255214321711,0.0,489.31335318199075,487.92812129819407,487.81594863308777,487.6035840780001
4.080000000000001,3.589206764731804,-0.3310399692600673,24.51789867677253,6.236979839221959,6.030488198855821,0.0,4.0047570374569466,-0.8117458860148309,5.831901437769427,-0.0376381923057617,-0.07591243009310485,0.0,475.26998149098915,474.8071724019001,476.3953899285674,478.3880927548622
4.14,3.834002213242288,-0.38061280208701,24.868507106609755,6.234820401263864,6.026557374782222,0.0,4.1552252955628255,-0.8408611202738102,5.854572570777726,-0.03519106683710783,-0.08584857767823047,0.0,459.54147491955706,458.74818004436577,460.2488070584677,460.4419194282187
4.199999999999998,4.0879651989973596,-0.4319870515545705,25.22079399255065,6.232939867092647,6.02248682402584,0.0,4.310352484012573,-0.8717580308564188,5.887762148154941,-0.041790517401981295,-0.07559985784783897,0.0,463.2901221248006,464.0902207540188,464.7193612466465,464.20106162425094
4.259999999999997,4.35165109808909,-0.4853226633205601,25.57643593068579,6.2305242509730725,6.019659165217618,0.0,4.47911187850701,-0.9063001678781277,5.966170368560462,-0.03946109820971311,-0.09116841060334126,0.0,480.26267374621415,479.07534735127217,478.5566120501734,478.7331794494673
4.319999999999996,4.62600713901751,-0.5408648961622601,25.93862300045603,6.231647800311045,6.014253002738162,0.0,4.666238598989664,-0.9449476403806898,6.1054296807436,-0.020157930026045302,-0.08934996623866764,0.0,499.0095275600251,499.13639794872444,498.1818364986828,499.59127542263775
4.379999999999995,4.909623674492291,-0.5983247687665725,26.30172607309588,6.23098500694611,6.011390448377362,0.0,4.787823760639488,-0.9704584237063718,5.998349469747498,-0.013170064181084191,-0.07319380918048266,0.0,422.9413358538444,424.32480898127193,423.3676999461792,423.9687439592934
4.439999999999993,5.201067449558052,-0.6574209816502189,26.660242804215073,6.23062852787333,6.006990444213855,0.0,4.927174862733151,-0.9994397316532665,5.9521051574176225,-0.021683587502867193,-0.07373395323785223,0.0,443.2451653498791,443.19656184491737,443.99569592618434,443.2965628370236
4.499999999999992,5.500290151960258,-0.7181427418843959,27.0137918989081,6.232790281301032,6.004383080420855,0.0,5.047074533778638,-1.0245162394910117,5.833301247182713,-0.002463723025818647,-0.060120805965346885,0.0,419.0301453961544,420.20829744595534,417.4980703547435,419.1722180166232
4.559999999999991,5.80814460162056,-0.7805919439533013,27.365194542323156,6.234503111293376,6.000895743440829,0.0,5.214740311636196,-1.0569548540617577,5.879473696499166,0.011326942139173493,-0.05734243214629978,0.0,472.27590495000635,472.48797943004973,471.63057496914365,472.69473777148954
4.6199999999999894,6.125566307093358,-0.8448726068889122,27.717585848240198,6.235527032703372,6.000440815890494,0.0,5.365791383274792,-1.0856545312796149,5.8667508606166,0.016665781158718175,-0.03957657080485988,0.0,453.92394470643666,455.34613297079693,454.97821948831375,455.40545489790014
4.679999999999988,6.452142633471119,-0.9108761498351301,28.06964036781628,6.237489692357169,5.999106860766389,0.0,5.519917013616363,-1.1142825047014213,5.868143234337587,0.004650707066566229,-0.05201589924545066,0.0,460.12933393931536,459.14222181605817,460.33913572479656,459.3870244254838
4.739999999999987,6.788456636270158,-0.9786344137312176,28.42350989534799,6.241912462617684,5.998025367795343,0.0,5.690280933272376,-1.1438711646713084,5.926906379777686,-0.0188805511675778,-0.03752616130238171,0.0,477.75719549858314,478.8598005106128,479.0383274081004,477.24520185484624
4.799999999999986,7.133757854774447,-1.047922269211521,28.77681776276718,6.245640374287973,5.9997324751293135,0.0,5.8194603845857005,-1.165455488862151,5.850431062632562,-0.04426185414952891,-0.06055487122220229,0.0,436.54963450200114,434.621960029332,437.4308041873234,435.3111750608246
4.859999999999984,7.4875334851975754,-1.118569865324748,29.128225916114953,6.243616844879032,5.996397145959762,0.0,5.9730421129043725,-1.1896228516818277,5.862712801929377,-0.054254295784225984,-0.06785413175119036,0.0,464.48416659012395,463.90852601874366,464.70793429421354,463.92251915912556
4.919999999999983,7.850752829181925,-1.1907180913911628,29.48107940511268,6.245805831683267,5.994181591868209,0.0,6.1340955127847705,-1.2150850256741776,5.898549850913264,-0.08104275273370529,-0.0840253550608534,0.0,473.4336286237893,472.18357791141864,473.30274012749254,471.23325806207623
4.979999999999982,8.223812324674935,-1.2644003617633488,29.83663423369204,6.241622345319691,5.989286138649717,0.0,6.301282920364479,-1.241362351628307,5.95240318478733,-0.07313660839106959,-0.08087047998035746,0.0,478.711414114605,478.9464230548105,479.57285811130043,480.16876103458657
5.0399999999999805,8.606065016894219,-1.3396156977004077,30.19250650716244,6.237521395794939,5.989202402428191,0.0,6.440251396564509,-1.2661435302260713,5.910018404871173,-0.08032962673608317,-0.05811972360721873,0.0,450.1987483775569,452.0322609144137,450.268488005349,449.6816049666291
5.099999999999979,8.996623180747022,-1.416384380875581,30.545864241403443,6.2341133748780635,5.986403236576901,0.0,6.578346029336534,-1.29307570942702,5.8684518284470055,-0.09460119386941618,-0.05015473456988912,0.0,449.8348976930734,450.47758785877426,452.1263587710855,450.9688769507338
5.159999999999978,9.394511256711718,-1.494674835409139,30.89361199027553,6.229144612015757,5.984848547471941,0.0,6.68465332210093,-1.3169590551244372,5.723757878341256,-0.10509259633219985,-0.038088792747280616,0.0,415.656658914223,416.711676559699,416.31518723588454,415.38688548447817
5.219999999999977,9.79944006852454,-1.5745772752974458,31.234936858490325,6.228084427192055,5.984435286559112,0.0,6.8127872786216415,-1.3465407498926,5.65396664207872,-0.13141077481384147,-0.054325268095013,0.0,440.9988897946712,439.6541903338681,441.39991245073895,439.21018242139013
5.279999999999975,10.211916000628582,-1.6562682673735127,31.571763757831345,6.222782251961423,5.983535566947113,0.0,6.936298833157137,-1.3768926795482292,5.573806286195361,-0.1502564667349393,-0.03865497037204367,0.0,436.00768877118674,437.3137708432144,436.9622334149661,435.3698468024176
5.339999999999974,10.633421731248768,-1.7401947309777364,31.90911614124454,6.216090292014073,5.981217027839964,0.0,7.1135733647003985,-1.4212527657930683,5.670207386168603,-0.16819827319808095,-0.04109273729496938,0.0,491.94964314537197,491.76843899971135,493.11873291860036,491.7706977574899
5.399999999999973,11.065238891824269,-1.8268592239988424,32.25120601084025,6.206798877659139,5.9792966925326745,0.0,7.28002467450686,-1.4683863541016986,5.73191371733822,-0.17927364954400826,-0.03411565113394851,0.0,482.9917643884502,483.5172173593573,484.8223913166009,483.9635831142223
5.4599999999999715,11.507001404454563,-1.9165347225295761,32.59695841334681,6.196542953226032,5.982225058548984,0.0,7.444601084975398,-1.5217419984456895,5.7925554767723195,-0.17263250317461987,-0.010851970916940918,0.0,484.4212416516534,486.1678082515379,484.65663212080324,485.12832055678047
5.51999999999997,11.95825291058377,-2.0095264534175152,32.945502535106954,6.1889359658994145,5.983808028870154,0.0,7.5965226411970885,-1.5786317373472318,5.8251154816423405,-0.19204243110881566,0.0043654536197710436,0.0,476.91920519963764,478.0805123523317,478.6608754297405,477.1524498257318
5.579999999999969,12.416839693634827,-2.1055498155917296,33.29057569937014,6.183507955331816,5.986944521384483,0.0,7.68942705725784,-1.6225834528125311,5.678217139113009,-0.22031381474194958,0.021776952691639293,0.0,418.9097816895253,420.4215425689745,420.3578830552913,417.85724494947453
5.639999999999968,12.882319541589114,-2.2047841859565906,33.631530280695166,6.170921537687811,5.991337611899482,0.0,7.825766803869854,-1.6863343001297244,5.686725593586554,-0.2127213849295646,0.03985939319409076,0.0,468.46226655035196,469.86681376936644,468.9612355602797,469.50666187288664
5.699999999999966,13.355808688375125,-2.3080605709183257,33.972914597295556,6.158461503913671,5.993870551895915,0.0,7.9565687343677025,-1.75728059955514,5.692448893976471,-0.2200737190859595,0.03436902357772186,0.0,469.051678166722,468.62558486249753,469.0894551617486,468.4748814347482
5.759999999999965,13.836789739947351,-2.4157134393720083,34.313814675914195,6.146308996470449,5.99653238719103,0.0,8.07556546770486,-1.832180386162907,5.670761436090957,-0.20997593161370118,0.041736435937261195,0.0,460.6953829532725,461.27830475755195,460.11700087295003,460.8714015805037
5.819999999999964,14.324200335557451,-2.5277918319916437,34.651417048117835,6.134098924954447,6.001074397037485,0.0,8.170876827133483,-1.9047638143117254,5.583101131645726,-0.2042447043445259,0.024852528591598422,0.0,439.1623935670079,437.759853621498,439.68977424912276,440.1214345981473
5.879999999999963,14.816979223582164,-2.6443069338245486,34.98308548449973,6.123553758891731,6.010036224464553,0.0,8.254260000409927,-1.979990761826474,5.473358273772004,-0.19107299477817233,0.053617696617111396,0.0,428.94267737870945,431.37999651674943,430.28620242462495,431.3597675334597
5.939999999999961,15.315359883680761,-2.7659575040140836,35.31107254192986,6.116035338588727,6.018615446005523,0.0,8.357333224297056,-2.0757639932790415,5.459770391350014,-0.17048071246812474,0.0778122163885107,0.0,459.6040477295013,461.5208406346641,459.7254001900863,461.3230926652153
5.99999999999996,15.819876138861323,-2.893613538780189,35.63890760998622,6.105795395422227,6.024997898392803,0.0,8.458924459367902,-2.1803684912409826,5.467951502357179,-0.17201454704230204,0.0910022446697369,0.0,466.45382306106023,467.488171970537,467.3122279448341,467.16612824430905
6.059999999999959,16.32928981851852,-3.0270449364036085,35.96344672874773,6.098987258727501,6.0304948249677945,0.0,8.520999478960519,-2.2680172328879302,5.350760663354088,-0.15264940637334606,0.09222166988044933,0.0,424.5354749268778,424.6475735368203,426.1807394335428,427.8059083754258
6.1199999999999575,16.843265149614943,-3.166506593779799,36.284737069180146,6.10607706474406,6.036473595045981,0.0,8.610621572940978,-2.3802201243995382,5.359181076086719,-0.10967687081772876,0.0836118140045049,0.0,465.82580628005036,465.1581202238391,463.99191150545624,467.33750584049346
6.179999999999956,17.36099634360495,-3.3116131873005177,36.60093702472466,6.1029347365844835,6.044411704206572,0.0,8.646532046701477,-2.457170273451228,5.182165612750079,-0.09052967223598413,0.06364943278891672,0.0,403.3551172649721,401.553040550867,400.7765571820795,402.5031868103466
6.239999999999955,17.88217898165077,-3.4624776244299658,36.9124398452916,6.097498803123425,6.0488134857470595,0.0,8.72548346722755,-2.5721642596570016,5.201073042492373,-0.09075916473314574,0.05400048929365892,0.0,465.730495072098,464.97740364513015,466.101903246068,466.0775041297422
6.299999999999954,18.40780049984048,-3.620233818974407,37.22444024958257,6.092254176906437,6.05465737457776,0.0,8.79440043627847,-2.6869121488324903,5.198975100125598,-0.08690480803906095,0.03508289920524739,0.0,460.39239963416424,458.89407218495273,458.98332519929613,459.28281056113866
6.359999999999952,18.937510636343003,-3.7850616392837453,37.53677562300963,6.089608161228995,6.058116155146493,0.0,8.861994788130003,-2.807618449355249,5.212062308235206,-0.10570181417077569,0.021080530369471932,0.0,464.77435980093315,463.6755869420672,464.98127753624556,463.49899371305304
6.419999999999951,19.4708793672816,-3.9569556388887968,37.84863050084555,6.084330851737651,6.059449095192139,0.0,8.916656558113631,-2.922674742913529,5.183020897824132,-0.11826991020246348,0.01677996162234058,0.0,451.4574043506335,451.1101252592709,451.58707988103043,450.56135298867633
6.47999999999995,20.00801779762279,-4.136342027266067,38.16109574536825,6.077328449351754,6.060764578662852,0.0,8.987527879183952,-3.05748694239335,5.231806130534387,-0.11590739964059767,0.021783329874188108,0.0,475.35279341100266,475.7360750153792,476.64921565517255,476.81842846798594
6.5399999999999485,20.548613357597233,-4.3232894411444995,38.47329501715387,6.0732804173194985,6.062455360038207,0.0,9.032049757261035,-3.1745211497768344,5.174967597487073,-0.13582212515920655,0.02747482748678061,0.0,443.56152231274854,444.0288889351659,444.3206287741026,442.6707537530342
6.599999999999947,21.09223891402877,-4.517751687603624,38.78392781598742,6.065218203994448,6.064759550107171,0.0,9.088356853692911,-3.308278007106693,5.179071446848901,-0.14047206241295948,0.03522591375082052,0.0,462.37287789063816,462.98355085835226,464.06647997855777,463.6846243368228
6.659999999999946,21.638904009595226,-4.720170631266263,39.093799076395655,6.060541523788208,6.076171706634664,0.0,9.132580326074667,-3.4396383164101176,5.150417213974666,-0.12042113818760346,0.06745129463870496,0.0,451.9310323191241,454.52310445580093,452.1934626931449,453.7901685350468
6.719999999999945,22.187367244022546,-4.929932188963546,39.39911357357828,6.054168297737572,6.080212257345337,0.0,9.149190043371188,-3.553111330136137,5.027321118969484,-0.11143922775673856,0.06706189907024813,0.0,420.84102617542936,420.8109776223952,419.8787152363149,420.6442533223591
6.779999999999943,22.736869521581106,-5.146805091307694,39.69787863734042,6.050343912707417,6.094464044004734,0.0,9.166237665339978,-3.6766533812995736,4.932551893544352,-0.09406902146743729,0.03080720660232452,0.0,430.6952378421552,427.6192366238664,427.19862953173396,428.6674346927694
6.839999999999942,23.287912999884064,-5.372142871245047,39.99513289688706,6.053932594499434,6.1073423539939125,0.0,9.200341035400614,-3.8345216117461196,4.976236140047754,-0.06196218263562761,0.06600788802806296,0.0,470.35631988797877,473.07625507015206,470.09584278795137,472.5725389129842
6.899999999999941,23.84055714020359,-5.606731137490367,40.294228621190754,6.058386561484355,6.114293972597128,0.0,9.220316601600455,-3.9849159063687565,4.993799133245051,-0.031824886139305036,0.0837910899034705,0.0,461.9169422449529,463.3213612909871,461.8302452359739,464.20017988357887
6.95999999999994,24.394230659690425,-5.85027571509976,40.59437328695228,6.068592757605263,6.119311338933901,0.0,9.234867782700338,-4.13260387255677,5.011328720766777,0.005123748296285606,0.08306948122459087,0.0,462.37490809733055,462.3234383673291,460.78896253617626,463.701391167606
7.019999999999938,24.9481257993924,-6.101879593346399,40.89247358947365,6.072402454447776,6.124498315541093,0.0,9.227887016962825,-4.254231968697715,4.926075109404588,-0.01661184443788652,0.08694617719958127,0.0,428.01145007815427,428.3474759632517,428.896254671187,427.0456974664271
7.079999999999937,25.502057883598262,-6.3616071954551305,41.189354031495974,6.071845007979647,6.144492412745818,0.0,9.234170234444466,-4.403702273622808,4.970532840727859,-0.02517069496357169,0.043618317868385305,0.0,470.62921282134454,467.266667998716,467.749043934105,467.0819200879625
7.139999999999936,26.055367969426708,-6.629502396260637,41.48493997911136,6.070370038008013,6.157860670444524,0.0,9.208394817027354,-4.526623586321734,4.883234516102875,-0.023989021297618415,0.07835655402695804,0.0,422.6068671156434,425.59377355775166,424.8420112700129,424.94322436476256
7.1999999999999345,26.607342525166466,-6.905533782248651,41.778692123203584,6.079019931846002,6.16259772076538,0.0,9.190283365955787,-4.673882072043619,4.908742880036429,-0.06000512340110603,0.0747644351583958,0.0,459.6550911137542,459.37477151127536,460.8915432259867,458.034812022548
7.259999999999933,27.157907504213952,-7.18994046746602,42.072150174916445,6.078701593846983,6.167506860664497,0.0,9.161491266449808,-4.806601235394551,4.873430293021577,-0.08108710519781431,0.08079127158422084,0.0,439.70986383548615,440.21372002905883,440.34825483910527,438.5969151817204
7.319999999999932,27.706473577687493,-7.4820561747348435,42.36198126340715,6.074080160505179,6.174981377374307,0.0,9.123498172248025,-4.931215082365348,4.78806489471292,-0.08782805781624352,0.09738640559109846,0.0,421.7157953155865,423.15379387438827,422.8372800936285,422.2499344749718
7.379999999999931,28.253134834625925,-7.78272722294411,42.65126367367639,6.071269376560672,6.182657077661794,0.0,9.09768254959043,-5.091577523575633,4.854318345359606,-0.07180912683382092,0.08130822135952553,0.0,470.9338699684982,469.6949390473747,470.09872135651466,471.33350966377094
7.439999999999929,28.798037236746836,-8.093006157492397,42.94397716813963,6.067041854521975,6.188846542239409,0.0,9.06508840255356,-5.25158623269272,4.90239405187695,-0.06966828335369625,0.06750784705667205,0.0,465.9236284799154,464.84756853641704,466.0468791748609,466.21060158286656
7.499999999999928,29.340648571293872,-8.412488476020947,43.23720194902846,6.062849954458198,6.192933045095902,0.0,9.021676920129005,-5.39838859493495,4.871711432380936,-0.07071170757819958,0.06870844346406592,0.0,441.629193248442,441.7317313670909,441.61968548296784,441.52981994208443
7.559999999999927,29.8805540052921,-8.740790866984545,43.52812170738414,6.0590972817106845,6.197643703222294,0.0,8.97484060199805,-5.545582112913146,4.825686297637251,-0.07967389919283248,0.059021644968779804,0.0,437.7901143737323,436.986413959286,436.3322868022622,435.578895262528
7.6199999999999255,30.417725561969316,-9.078399838586584,43.81785383388961,6.054400609861608,6.201474688620138,0.0,8.930599255543699,-5.708638209903352,4.831703932056519,-0.08426448239628928,0.06383820363659369,0.0,452.49617540932564,452.88638153549175,454.56673686040364,454.19345997393793
7.679999999999924,30.952127155590887,-9.42575913068184,44.10724786100196,6.052338384734195,6.206424652702424,0.0,8.882401907809946,-5.870466251296775,4.814702179348405,-0.06647343112600321,0.05098446848204342,0.0,448.1195814467109,447.0757258790851,445.22679784670925,446.6754999544536
7.739999999999923,31.483657022903845,-9.783188468339409,44.39672941500685,6.048486908400935,6.209799264513261,0.0,8.835017061138501,-6.04438258796238,4.834237948735356,-0.06344623498065495,0.04351475991895723,0.0,458.46435344679395,457.8716991360394,459.12401033072274,459.361168925569
7.799999999999922,32.012466418003065,-10.151702889803552,44.689553269381456,6.045041021617143,6.213361746526868,0.0,8.79164997164409,-6.239886170077534,4.925675322780373,-0.057957249111876157,0.05306774761898229,0.0,482.24499327339737,482.9673201143704,480.7503575355734,481.16377095683896
7.85999999999992,32.53838637637874,-10.53129901659198,44.984664964567465,6.043482626279278,6.218116789734847,0.0,8.738654369823996,-6.41377560757753,4.911271663558073,-0.04393502057316906,0.03808495636760036,0.0,452.3006987310915,451.09349934942964,448.89891413478944,450.0337856973773
7.919999999999919,33.06122580405012,-10.922001663786038,45.281263546544785,6.0416497000217575,6.220700725557474,0.0,8.689165500020945,-6.610014662429961,4.974638554477062,-0.03524475799997611,0.04299221576358445,0.0,475.66747213737756,476.0438972174426,474.3380904032679,475.0043741430355
7.979999999999918,33.5811931405903,-11.325259669763465,45.58441049527435,6.041032979389081,6.234208726032225,0.0,8.64142188198429,-6.832172187705566,5.129513700661188,-0.049905875300489885,0.07802527535619477,0.0,502.4254846691441,504.9612971043019,503.6911187303575,502.62884838503595
8.039999999999917,34.097698682070295,-11.740418815923695,45.890701480719414,6.04178341667426,6.238881733963673,0.0,8.575160510403355,-7.006876621862903,5.080356506929789,-0.029873695085586245,0.07747296150800224,0.0,443.0281545378458,442.9875672863286,441.4458717880482,443.0951594688841
8.099999999999916,34.61025910459187,-12.166744139311058,46.1966052992794,6.048997528311855,6.250242676199711,0.0,8.509089525068516,-7.203881743528147,5.11671725162753,0.0018234236390235713,0.10467926980992413,0.0,468.15225454410074,470.27071349503234,467.5688064274446,470.0323296681066
8.159999999999915,35.118606561107384,-12.604577669547368,46.50345123653265,6.0496919195905505,6.256521732351439,0.0,8.435360632182622,-7.390944169078055,5.1114523953880875,-0.007840443524102965,0.10236613915035073,0.0,455.49347535974596,455.31752366930436,456.44659999302,455.6745505357562
8.219999999999914,35.62227528085533,-13.05225632401795,46.80384485332019,6.05102873045627,6.263119275103822,0.0,8.353337038776429,-7.532371877118366,4.902868153721335,0.0057348652391366346,0.09367481114770218,0.0,387.14905791349645,386.3403103576474,384.6055548825197,385.8896270198164
8.279999999999912,36.1211699478769,-13.511043803534774,47.10247464840889,6.052161391758155,6.270490851594381,0.0,8.275711236633768,-7.760714142368119,5.050570747861692,0.014336330032810863,0.07792875682112485,0.0,499.7883064384061,498.6446933016254,499.67360614750555,500.30027310834896
8.339999999999911,36.61519089695897,-13.982340671348197,47.40462933159115,6.058547083750202,6.279053712492573,0.0,8.190972801433618,-7.949362340920569,5.021743717718364,0.03891417732940873,0.05509740271679664,0.0,448.8626070329075,447.0092331807643,445.7740372743664,447.77851208541927
8.39999999999991,37.10402688173881,-14.466058200820735,47.70979629150116,6.061249193057389,0.0006151783893439955,0.0,8.103194450219673,-8.174652708382533,5.149715576255036,0.044460193478580774,0.04069288079390968,0.0,495.1984141061228,494.1387896424015,494.2482417896315,494.65759165638394
8.459999999999908,37.58754270464471,-14.96186889854759,48.016068076408715,6.063916060885532,0.003832073408131187,0.0,8.01395568082877,-8.352855605971905,5.059789621616695,0.04209749720795504,0.029772655229359835,0.0,428.8850624001975,427.9570116722211,428.0496350768604,427.8496170080494
8.519999999999907,38.065609722805455,-15.469118363350672,48.31994539572699,6.066735947140334,0.025243433647303526,0.0,7.919497623873884,-8.555908924243234,5.069887775689462,0.03483719199343295,0.07711559361919224,0.0,456.91895751382043,460.6799920568019,460.0365803624959,459.461940231814
8.579999999999906,38.53765385892939,-15.988524376251899,48.623965147148745,6.069630418083539,0.03051327678650395,0.0,7.815056467601823,-8.758017533330584,5.064103186640935,0.043533929192307946,0.08478020712317391,0.0,453.1380719951242,453.75889474873975,453.68614750321996,454.3846908110151
8.639999999999905,39.00345092927605,-16.51962670963083,48.92528709278532,6.073394108926207,0.03693443769477511,0.0,7.711199247493129,-8.945909264429172,4.980483689556329,0.0541505733433434,0.09629039825507715,0.0,427.5296305574747,428.51632756876705,428.1174653282944,429.0214959568802
8.699999999999903,39.462973170874434,-17.061937838912296,49.22089608927605,6.076752758400902,0.045929578133645954,0.0,7.605673567555466,-9.131734232350484,4.87382897916423,0.056770539718611686,0.11477647378415465,0.0,418.31598206719093,419.9328807055172,419.3101933281151,419.54002199370115
8.759999999999902,39.91590632967232,-17.6161754154427,49.51339255779171,6.081555365975113,0.05287605128075956,0.0,7.4916616061375185,-9.34319723635658,4.8761828390264625,0.04257002746825193,0.11063841277928954,0.0,454.26987888424236,453.9490113421944,453.68172604522545,452.54157400028737
8.8199999999999,40.3616405950359,-18.18418470640457,49.81097550891374,6.084097577310818,0.059638034556511954,0.0,7.365630049105514,-9.590710000126737,5.042298930213105,0.04141084770440853,0.11347293633490631,0.0,503.0624283807661,503.277112650497,502.14811634534306,502.0647441139932
8.8799999999999,40.8002146797454,-18.76544072958396,50.110103399598295,6.088484774062945,0.06772436469188658,0.0,7.253039808270027,-9.785137868456875,4.929387576478309,0.025053293697620133,0.09983052727398886,0.0,418.33231257266425,417.153707915519,417.9314432277528,416.503611132232
8.939999999999898,41.231683652253594,-19.359154948643358,50.40591903493298,6.08998873313787,0.08107151686369463,0.0,7.128086745660248,-10.005998438082164,4.931134086992574,0.025090777731856913,0.06889245750086187,0.0,454.17264664618443,451.69054285020667,454.49079800333175,454.4938891402515
8.999999999999897,41.655170340252084,-19.96692902480097,50.70539350327148,6.0979982914686826,0.0855612805666377,0.0,6.987996264650065,-10.253158289262958,5.051042021053595,-0.0040723222455714,0.07433936295094562,0.0,489.15978225715986,489.56863030178994,490.63923284864353,488.46880936826733
9.059999999999896,42.07054681250795,-20.588846952520203,51.00812827820933,6.097987827531782,0.09308083801820999,0.0,6.857417544182749,-10.47823575325103,5.039930078670707,-0.010704137174843666,0.05394144895946609,0.0,451.48396551255934,449.83823810036506,450.7537494626554,450.21747925837263
9.119999999999894,42.478066274693454,-21.224332348507748,51.30960688484336,6.097742844299461,0.09713203489665467,0.0,6.726503635392448,-10.705470174538906,5.00916020410196,-0.0048961445431174476,0.04278095321711285,0.0,445.0619540107257,444.1489649342409,444.7309224455054,445.2066087805998
9.179999999999893,42.87801687563223,-21.873052396344228,51.60614036631922,6.098600799107283,0.10383655176971551,0.0,6.604865361001649,-10.919508881754535,4.8757698787192805,0.00572113363478805,0.019265769324126707,0.0,411.24247838082783,409.1544212744111,410.75656429051924,411.6973081786764
9.239999999999892,43.27013729178485,-22.53565268844919,51.899275402626756,6.1003294669587955,0.10785889339633226,0.0,6.465740257670647,-11.1679466252637,4.8950752012665575,-0.008428239147211582,-0.000519384305726415,0.0,460.0799979572902,458.5104274865326,461.2506445059759,460.1316188656841
9.29999999999989,43.65426983135556,-23.212736576122516,52.19030191109611,6.099815485257093,0.10787380232329102,0.0,6.33903310424958,-11.40255669693653,4.805786632127475,-0.008960777737880506,0.0009204726733801902,0.0,425.51560829270136,425.63888034873605,425.9102087476597,425.86476644205777
9.35999999999989,44.030724796363415,-23.904300712634033,52.476987050199234,6.099494293628439,0.11697944041189423,0.0,6.2089054553330705,-11.650660623099784,4.750310478513168,-0.004924865393739692,0.032697567351836127,0.0,435.86718076996357,438.5153823718925,436.53313949424347,436.86997420773525
9.419999999999888,44.39869931212955,-24.611766710172617,52.764608667373395,6.099674731717949,0.1335793867115136,0.0,6.05532226233744,-11.932511234874205,4.836334139706425,-0.013776737283090746,0.0734259674183256,0.0,478.9077684401911,481.9974624206803,482.51871240627173,481.84999232646516
9.479999999999887,44.75799292521766,-25.335252808572054,53.05134210710834,6.099283337087559,0.13820641454249216,0.0,5.921030060729713,-12.184921627188459,4.721569700031394,-0.022302440234262637,0.06693238479678625,0.0,418.9006077512844,418.3396731794245,419.4127140232044,418.6714760484542
9.539999999999885,45.10934511551274,-26.073962738291467,53.33026353919432,6.0979410228244895,0.14272603976285847,0.0,5.79062999645372,-12.44008685688908,4.575970546360015,-0.02447210990003642,0.07359852903077664,0.0,407.1858875589756,407.7860443087121,408.47372749061964,408.2800560777005
9.599999999999884,45.452276879541245,-26.828941183071432,53.6041385172161,6.098652759737536,0.15778052393072883,0.0,5.639215180453014,-12.727097633291818,4.552966308984656,-0.04189100092433335,0.10814809914608346,0.0,447.47803670445956,450.2882369171127,449.1721121082242,447.7566671261332
9.659999999999883,45.78542353679461,-27.601950009157246,53.87949674041081,6.096212265205157,0.16502884429840936,0.0,5.465281640173626,-13.041229593352181,4.624476157724833,-0.046284412477468596,0.09732591176913882,0.0,479.9452316797586,479.1316797792947,478.52967238784885,478.1941609245983
9.719999999999882,46.108649699971714,-28.393420337404375,54.15537852396892,6.093539414180093,0.1750196363977352,0.0,5.308260587411256,-13.342645508277148,4.571038207124684,-0.0512191507756626,0.073773847019559,0.0,443.0861176016876,441.15200376775044,442.41895208032093,442.01096680271905
9.77999999999988,46.42300976207953,-29.202582620844098,54.42425523898626,6.090972001576084,0.18122835816889982,0.0,5.170169193220408,-13.631116989457908,4.391574020345235,-0.04453723200482563,0.057899783710419046,0.0,400.96759368270165,399.5266574869707,399.6210762800358,400.2280619397689
9.839999999999879,46.72877753879144,-30.029646808582104,54.683646063023005,6.090110539371228,0.194630207133363,0.0,5.0212076950582825,-13.939410099291008,4.254758465635256,-0.030947815806385434,0.09123607338031994,0.0,414.55429753397453,417.47795730362884,413.5111315915872,414.7058196343359
9.899999999999878,47.025357453195284,-30.875647474719592,54.935249264085975,6.088571494507185,0.20171284375183074,0.0,4.864499848140623,-14.262416537181336,4.131763571239514,-0.038439188392332554,0.10398028713798958,0.0,419.3325539968578,420.446744787414,420.5509252683707,419.9008904008545
9.959999999999877,47.31243125730198,-31.74143295823065,55.17959880791727,6.08964870036978,0.21001286124422958,0.0,4.704172046181266,-14.598945090156873,4.013188946265407,-0.059825261983368565,0.08700672636338165,0.0,422.2957762535158,420.837718252313,423.3867393029357,421.5409926466066
10.019999999999875,47.589979743178105,-32.627640600361865,55.416008054960884,6.086294315088221,0.21611321163449837,0.0,4.547238932914506,-14.943376625162458,3.8666761589266674,-0.06647141469293281,0.07546044055564528,0.0,413.1931394731683,412.1799945622956,413.24510164514703,412.6556240372285
10.079999999999874,47.85766736621535,-33.535308573431074,55.64535960179104,6.082365043210881,0.22063875069540906,0.0,4.375659998999146,-15.314394385635868,3.777483905230733,-0.06475247725844278,0.07316882721577975,0.0,434.53476347573854,434.3470897485676,433.1461816616047,433.2874040997619
10.139999999999873,48.11513246868062,-34.46561028111487,55.86880796780763,6.079207388956657,0.22774402322922338,0.0,4.2062350004948845,-15.697957184968608,3.6699957384547077,-0.056532644500030184,0.0900586189756902,0.0,429.11586901867145,430.5527081777079,429.1222207636795,429.81663138845045
10.199999999999871,48.36187320956116,-35.41982070093598,56.087670436982165,6.076084770172049,0.2382927703295019,0.0,4.017767368390108,-16.111449175546753,3.6241961932685,-0.05192249206341511,0.06398104444025973,0.0,452.509639904377,450.41044741242075,452.5169718968887,452.8860262807016
10.25999999999987,48.597502903167694,-36.39907252523055,56.30228669547178,6.073166795981447,0.24512570863418937,0.0,3.8363209511649488,-16.532852930951318,3.5286618431638033,-0.04811022205588307,0.08177351439356131,0.0,437.6317069356303,439.11428590005573,438.17917850647325,438.49438155350646
10.319999999999869,48.821912853025864,-37.40436462360545,56.512006776330075,6.070713651662233,0.25530280860966403,0.0,3.6434298059310715,-16.979594792455853,3.4607781727566764,-0.04199905304750568,0.10575079450429711,0.0,448.36544651929495,450.3162611030466,450.1790467273828,450.67214065695924
10.379999999999868,49.0344884484779,-38.43713417047511,56.71791903932361,6.068591592894787,0.26476885525946603,0.0,3.441875191846449,-17.448935395122927,3.4016353014707397,-0.050212618708273295,0.08516044640201567,0.0,455.5298753397597,453.888268564624,456.5781032557827,455.92111947749726
10.439999999999866,49.23581523914317,-39.49793043449764,56.91665103480074,6.065675524187874,0.2707314948122903,0.0,3.2688245745334776,-17.914133000276138,3.221889511553926,-0.05502447059436683,0.07377157593672841,0.0,418.4028782191094,417.41577713512936,417.47120449397704,417.04911327648216
10.499999999999865,49.42550064463093,-40.588253164292425,57.10871524067329,6.063713061276653,0.2755575218598416,0.0,3.0540441908635927,-18.433261721683195,3.1786270588710073,-0.04349207119973267,0.07960026711097855,0.0,465.66538048824873,466.12541388300383,465.07978757196764,465.98078615876784
10.559999999999864,49.60221746053687,-41.71047096286531,57.2981249280737,6.061775703520301,0.2817062667526873,0.0,2.836399094597275,-18.977547672558316,3.1332729072003813,-0.03563135249202397,0.09129039207749469,0.0,467.69873222157395,468.6138124161364,468.73614758718395,469.3459611940663
10.619999999999862,49.76703765523959,-42.865141028363134,57.48028986242987,6.0652677148020935,0.30328622702748564,0.0,2.655832071291977,-19.515471420198942,2.9385776242257093,-0.010811722436651414,0.046115555705283896,0.0,424.27423911650686,420.3819912237965,420.2759057195557,422.4218552014655
10.679999999999861,49.91941598039787,-44.0538327673309,57.65480578006942,6.065106333434722,0.307520840428106,0.0,2.423517468643681,-20.11174645345941,2.8770373094213513,-0.0197524584870545,0.03159009592433675,0.0,468.0199969584769,466.8887017949608,468.8693764818984,468.1742393162361
10.73999999999986,50.0575129521743,-45.27942104252285,57.8264362213415,6.0648707718977235,0.30963608554948685,0.0,2.180079548923036,-20.745686522266237,2.842129811587764,-0.03169454650320272,0.02511540045289661,0.0,479.7426846686167,479.2509127134418,480.8768355204566,479.971167480466
10.799999999999859,50.18303108900571,-46.5426450134105,57.989548893956574,6.062957506003247,0.319330579981167,0.0,2.0032784288453027,-21.366863218649538,2.593762423430116,-0.032672884944985506,-0.007452583283258448,0.0,413.1010741999558,410.21848004576253,413.1387460038789,413.05199542446775
10.859999999999857,50.29653147267303,-47.84508066019491,58.14144787379842,6.063702758756298,0.3198025935331721,0.0,1.7804860543149834,-22.053119916369404,2.468091024036173,-0.051931756939620224,0.0019181827862021499,0.0,457.7722633410488,458.5175561817525,457.85123223381373,456.3153527582212
10.919999999999856,50.39660708807974,-49.18992338907107,58.2858821805473,6.061019718776315,0.32066500516536234,0.0,1.5558190870937125,-22.78087812565904,2.344008023381926,-0.04582556524606888,-0.008827348510815037,0.0,462.4638527923867,461.61653624466504,461.9625149534023,462.4423954629793
10.979999999999855,50.48441580058212,-50.57892595760103,58.41910812476452,6.058718156346764,0.32039576490818167,0.0,1.371484806418794,-23.525792028184984,2.095037363018688,-0.039596326689595826,-0.0043099836008624265,0.0,426.0044744945289,426.39077664146276,423.4732725325211,424.007726425992
11.039999999999853,50.56063532974443,-52.01440353668966,58.53878429361253,6.061392113110154,0.3208619106578947,0.0,1.1693866895238911,-24.330799982553618,1.892886455133098,-0.016150813754371683,-0.014912586234993684,0.0,445.3781764584722,444.51006278978,444.0349355890686,445.95420754852364
11.099999999999852,50.6244139293035,-53.49995857807221,58.64711971356648,6.063735400584152,0.32222548377645044,0.0,0.9567740556819568,-25.195740674975912,1.7166099075496644,0.0026221837716289163,0.00039315919270301817,0.0,455.61150311421505,456.83396369306,456.35416584495863,457.85063382110656
11.159999999999851,50.67497072801614,-55.039409213750666,58.74594415817426,6.070220017653426,0.3305618075671415,0.0,0.7278354140348257,-26.128238622178532,1.5764717081855062,-0.026158835575732654,0.030799622227359824,0.0,469.9738662345783,472.3251703463998,472.91647448002755,470.6939553921216
11.21999999999985,50.710759893012444,-56.637255692167294,58.8386873291225,6.068951340408841,0.33375031378357356,0.0,0.46542506125428085,-27.14295026272331,1.5112805576787092,-0.033486162623011476,0.01685966966338492,0.0,498.8161827920145,497.79702913604416,499.75298972277875,499.2183833701172
11.279999999999848,50.732776612321096,-58.29683133751749,58.92131781129761,6.066951115204038,0.3430885366497787,0.0,0.2679770473651494,-28.187138514636523,1.2398965975932734,-0.036271815966441474,0.0472924046836579,0.0,438.67073053172754,441.1914918197445,441.5747179476727,441.3443015861355
11.339999999999847,50.74182759994956,-60.02197308966101,58.98983083637489,6.076372750578134,0.3515038340007166,0.0,0.03287953960184031,-29.330267579547613,1.0430772811896531,-0.00014639817202071262,0.02019297168626277,0.0,472.2946691081703,470.20011865418707,469.08543943496477,471.8829097676362
11.399999999999846,50.73569467049083,-61.8188671269308,59.048695456363866,6.082802904184911,0.368482036204294,0.0,-0.2389057924745825,-30.580139658494158,0.9167430267734147,-0.02916925971495554,0.06250643288699462,0.0,493.41726207425125,496.5323544092285,496.8349555018962,494.70213766325435
11.459999999999845,50.71399045311285,-63.69316241730728,59.096780922820464,6.081395766354714,0.3792749188209825,0.0,-0.485181381709387,-31.911924326371594,0.6815719267791314,-0.03689646571669342,0.03221077244427416,0.0,467.47956941234685,465.1140681029315,469.8451008278101,469.24519193732203
11.519999999999843,50.67951896546141,-65.64960772973797,59.12466970090011,6.079189302473434,0.3812446169719026,0.0,-0.6638682967374248,-33.32072346617855,0.243993268439134,-0.036573717127068556,0.0334368429720189,0.0,408.5367382544873,408.6465810306076,407.4264662395072,407.45457384733413
11.579999999999842,50.63421742675954,-67.69441180656882,59.12569557738301,6.077053793847995,0.3844462169618197,0.0,-0.8462595945284574,-34.859709989902065,-0.2145183288846032,-0.04069114333490552,0.04427355875516022,0.0,410.88999455067454,411.850629049956,411.2556189751615,410.88983343415435
11.63999999999984,50.576916004468934,-69.83639389210687,59.10070205858497,6.074734507312714,0.3880877131541398,0.0,-1.0637469209973758,-36.56287034180613,-0.6246699882166494,-0.04590415092802679,0.032134862026071825,0.0,441.55343470161546,440.551489339043,441.94981124047365,441.5188259320752
11.69999999999984,50.50610636944792,-72.08572581703963,59.05084769888994,6.07217989777995,0.399861252338761,0.0,-1.2971974091209644,-38.44151973143687,-1.0446604231510517,-0.05214399917112297,-0.0034584309533541528,0.0,455.44533341683734,452.58894737302273,453.2859892546096,452.78278400489125
11.759999999999838,50.42318094965591,-74.45250703616558,58.96967287479943,6.071885447742725,0.40029830596848814,0.0,-1.4670872279826848,-40.482742898655246,-1.6675452486747464,-0.03486336718445228,0.004217832516521471,0.0,396.75096892379554,397.45536637804116,398.2841312222538,399.8604226429094
11.819999999999837,50.328401555486586,-76.94933403762684,58.85352454895565,6.069789886783898,0.4006396269322412,0.0,-1.6918768454968274,-42.781414649159814,-2.213313541016226,-0.03506888231120818,0.006486304311376839,0.0,443.8168888304566,444.00299787344386,445.3004932211617,445.2831604584887
11.879999999999836,50.22037841859179,-79.59188092553643,58.70228557454623,6.073297932105625,0.40599666433205606,0.0,-1.9095410834015214,-45.34778583686435,-2.8354542398329015,-0.062247993845701566,-0.01915916076058997,0.0,440.0725868355393,437.94408748763476,439.9493551906995,437.6913904126946
11.939999999999834,50.09955688470079,-82.39775686704513,58.51115514539102,6.07182691144698,0.4055850194839907,0.0,-2.1175908724362364,-48.233425354938404,-3.5477009870207623,-0.04692247489595923,-0.01087296870862175,0.0,429.3616990409885,430.0643906484828,428.65993503129096,429.95828176207874
11.999999999999833,49.96603721082465,-85.3881779696951,58.275281918058155,6.07099138113303,0.4065023177403866,0.0,-2.3329880921924175,-51.51030202567622,-4.3288806278351055,-0.06358301060736005,-0.025849845450266626,0.0,437.5954129961864,436.3466384291461,436.4879987661043,435.09312273694553
12.059999999999832,49.818845453458366,-88.58929299271661,57.991171797741934,6.069050977363041,0.40591685741321903,0.0,-2.572932836948385,-55.27031922164377,-5.159980832277087,-0.07982969533038747,-0.037880678607552384,0.0,458.42812407993114,457.47064275580755,456.50823445353495,455.20615530099025
12.11999999999983,49.65672398336069,-92.03310112806504,57.654528689372455,6.065810675909386,0.40500303911236823,0.0,-2.8302542158776913,-59.61807874223774,-6.086146193033128,-0.06734152476411079,-0.026254189621606243,0.0,473.39784548749384,474.29146094954854,472.2072318074212,473.1657222312573
12.17999999999983,49.47853810301585,-95.75905836952256,57.258772918696934,6.064472309524492,0.40598692461980956,0.0,-3.108747878460839,-64.70067444631135,-7.134748246706233,-0.08658902041625105,-0.045019555704709245,0.0,494.436563775551,493.0514544437299,491.44072514682443,490.00789869329157
12.239999999999828,49.285938072659874,-99.81546004294533,56.7886032464692,6.061054317222549,0.4093274137413827,0.0,-3.3109192872312923,-70.66647050679867,-8.576591024268032,-0.07313610329298291,-0.019267194717359982,0.0,436.16001128609,438.30552690926345,436.65361869016516,437.7692339725829
12.299999999999827,49.0817387558242,-104.26394400062833,56.22222948636428,6.058550197416517,0.41085141782999024,0.0,-3.4955180257473026,-77.81887025172287,-10.352196594541152,-0.0592525384820913,-0.03844074744714557,0.0,424.5873918432976,422.93844827962965,424.46275105466475,425.6491926644883
12.359999999999825,48.86643989403468,-109.18733274764793,55.5383540787336,6.057164369617315,0.4110564569630144,0.0,-3.6810074668684263,-86.56810600772225,-12.508861580359516,-0.04427386467951967,-0.057042678933965286,0.0,426.56624178870925,424.9729095064931,425.6688773430124,426.9471149754198
12.419999999999824,48.638808125435666,-114.69898376984958,54.71325917259853,6.060467714122158,0.40814573933159704,0.0,-3.9072024910760605,-97.53874273486946,-15.075767000059791,-0.01870439856932478,-0.06617158089758862,0.0,457.8190223012894,457.08941652314246,456.4400146316418,458.4761592156723
12.479999999999823,48.3978212842624,-120.95792147080857,53.71442236208147,6.060297316371084,0.4044244059592659,0.0,-4.1253885118625275,-111.6487508272201,-18.345596743553752,-0.009149711886608602,-0.0729680947440412,0.0,449.86475874114427,449.31043561701364,449.47213365551045,450.24615617341334
12.539999999999822,48.144133342018364,-128.1946559198359,52.48874235178211,6.05994714406398,0.40003878953627936,0.0,-4.330596720995328,-130.4244555711882,-22.704116816865884,-0.005320060369245648,-0.07343547713489525,0.0,440.9943287326077,440.95151410864975,440.6277873413244,440.9444919095184
12.59999999999982,47.877212911107904,-136.76391464547675,50.95690233820354,6.059813045205566,0.405549692888056,0.0,-4.567030733909895,-156.60092552154185,-28.672419819092642,-0.011383418892752288,-0.04011795561844277,0.0,465.2250916512292,467.8246768934349,465.33485665509755,464.85993635865356
12.659999999999819,47.59602858226282,-147.25027635305986,48.98792723466943,6.05911915229494,0.40313784611094583,0.0,-4.8052171950331495,-195.40866549325793,-37.525688937783016,-0.012948781290188848,-0.042249932006562185,0.0,465.6741924295014,465.50655127773587,468.74274056182014,468.621171594512
12.719999999999818,47.30238469042056,-150.0,46.33585503405722,6.061508339409201,0.40061889411283147,0.0,-4.984578789359704,-258.35764654189904,-51.987142938439604,0.005380041217653289,-0.04528477415678448,0.0,419.59349382193506,419.3286858910874,418.6752495773254,420.2675814059241
